1638371711 12.56
1638375311 14.19
1638378911 16.04
1638382511 18.00
1638386111 19.92
1638389711 21.67
1638393311 23.14
1638396911 24.23
1638400511 24.86
1638404111 24.98
1638407711 24.60
1638411311 23.73
1638414911 22.44
1638418511 20.81
1638422111 18.96
1638425711 17.00
1638429311 15.08
1638432911 13.33
1638436511 11.86
1638440111 10.77
1638443711 10.14
1638447311 10.02
1638450911 10.40
1638454511 11.27
1638458111 12.56
1638461711 14.19
1638465311 16.04
1638468911 18.00
1638472511 19.92
1638476111 21.67
1638479711 23.14
1638483311 24.23
1638486911 24.86
1638490511 24.98
1638494111 24.60
1638497711 23.73
1638501311 22.44
1638504911 20.81
1638508511 18.96
1638512111 17.00
1638515711 15.08
1638519311 13.33
1638522911 11.86
1638526511 10.77
1638530111 10.14
1638533711 10.02
1638537311 10.40
1638540911 11.27
1638544511 12.56
1638548111 14.19
1638551711 16.04
1638555311 18.00
1638558911 19.92
1638562511 21.67
1638566111 23.14
1638569711 24.23
1638573311 24.86
1638576911 24.98
1638580511 24.60
1638584111 23.73
1638587711 22.44
1638591311 20.81
1638594911 18.96
1638598511 17.00
1638602111 15.08
1638605711 13.33
1638609311 11.86
1638612911 10.77
1638616511 10.14
1638620111 10.02
1638623711 10.40
1638627311 11.27
